# Physical parameters
offsets:
  shoulder_offset: 0.220941
  elbow_offset: 0.049042

inertia_parameters:
  base_mass: 4.0
  shoulder_mass: 7.1
  upper_arm_mass: 12.7
  forearm_mass: 4.27
  wrist_1_mass: 2.0
  wrist_2_mass: 2.0
  wrist_3_mass: 0.365

  shoulder_radius: x0.060
  upper_arm_radius: x0.054
  elbow_radius: x0.060
  forearm_radius: x0.040
  wrist_radius: x0.045

  links:
    base:
      radius: 0.075
      length: 0.038

  center_of_mass:
    shoulder_cog:
      x: 0.021
      y: -0.027
      z: 0.0
    upper_arm_cog:
      x: -0.232
      y: 0.0
      z: 0.158
    forearm_cog:
      x: -0.3323
      y: 0.0
      z: 0.068
    wrist_1_cog:
      x: 0.0
      y: -0.018
      z: 0.007
    wrist_2_cog:
      x: 0.0
      y: 0.018
      z: -0.007
    wrist_3_cog:
      x: 0.0
      y: 0
      z: -0.026

  rotation:
    shoulder:
      roll: 1.570796326794897
      pitch: 0
      yaw: 0
    upper_arm:
      roll: 0
      pitch: 0
      yaw: 0
    forearm:
      roll: 0
      pitch: 0
      yaw: 0
    wrist_1:
      roll: 1.570796326794897
      pitch: 0
      yaw: 0
    wrist_2:
      roll: -1.570796326794897
      pitch: 0
      yaw: 0
    wrist_3:
      roll: 0
      pitch: 0
      yaw: 0

  tensor:
    shoulder:
      ixx: 0.03408
      ixy: 0.00002
      ixz: -0.00425
      iyy: 0.03529
      iyz: 0.00008
      izz: 0.02156
    upper_arm:
      ixx: 0.02814
      ixy: 0.00005
      ixz: -0.01561
      iyy: 0.77068
      iyz: 0.00002
      izz: 0.76943
    forearm:
      ixx: 0.01014
      ixy: 0.00008
      ixz: 0.00916
      iyy: 0.30928
      iyz: 0.0
      izz: 0.30646
    wrist_1:
      ixx: 0.00296
      ixy: -0.00001
      ixz: 0.0
      iyy: 0.00222
      iyz: -0.00024
      izz: 0.00258
    wrist_2:
      ixx: 0.00296
      ixy: -0.00001
      ixz: 0.0
      iyy: 0.00222
      iyz: -0.00024
      izz: 0.00258
    wrist_3:
      ixx: 0.00040
      ixy: 0.0
      ixz: 0.0
      iyy: 0.00041
      iyz: 0.0
      izz: 0.00034
